crossing time (s)	slope (V/s)	crossing number
1873.764794	3.248918	916
1874.819907	2.614136	917
1875.794422	3.489259	918
1876.841045	3.282520	919
1877.823044	3.041597	920
1878.855354	3.922652	921
1879.863750	3.019985	922
1880.874398	3.145092	923
1881.898954	3.807099	924
1882.893572	3.459933	925
1883.936297	4.135422	926
1884.915579	4.028562	927
1885.960527	4.553646	928
1886.955554	4.625618	929
1887.976353	3.343189	930
1889.001103	3.441308	931
1889.987123	4.288453	932
1891.038008	3.251589	933
1892.014281	4.705858	934
1893.059857	4.282326	935
1894.059595	4.076463	936
1895.069289	4.330786	937
1896.103506	4.963521	938
1897.091308	5.094134	939
1898.130161	5.040153	940
1899.124601	5.342234	941
1900.148143	5.761149	942
1901.164483	5.234392	943
1902.165657	5.090385	944
1903.205986	4.903883	945
1904.187192	6.277229	946
1905.234909	5.058364	947
1906.214799	6.739081	948
1907.257827	6.596990	949
1908.246599	7.727843	950
1909.285163	6.432867	951
1910.277034	7.311560	952
1911.311160	7.281026	953
1912.307290	8.037597	954
1913.339020	7.385134	955
1914.335372	8.030646	956
1915.370367	7.772338	957
1916.355680	7.824949	958
1917.395444	8.776109	959
1918.388430	8.934858	960
1919.427094	8.909159	961
1920.416660	9.016923	962
1921.454068	10.172184	963
1922.448353	9.026653	964
1923.481345	11.335918	965
1924.481781	9.392591	966
1925.505398	8.988579	967
1926.510273	7.760253	968
1927.517090	6.453443	969
1928.547214	6.609626	970
1929.536599	9.267729	971
1930.570358	8.360791	972
1931.567873	10.193007	973
1932.591692	10.217215	974
1933.601413	9.061106	975
1934.614658	9.120555	976
1935.643926	7.710002	977
1936.635136	8.183420	978
1937.674712	8.966786	979
1938.662846	8.631982	980
1939.698628	9.380606	981
1940.695436	9.499367	982
1941.717239	9.413072	983
1942.728860	9.521295	984
1943.736352	9.765352	985
1944.760983	9.499855	986
1945.758632	9.998885	987
1946.789966	10.057123	988
1947.785974	10.636792	989
1948.819168	10.972280	990
1949.813815	11.484230	991
1950.843709	12.019482	992
1951.842771	12.079355	993
1952.870025	13.006351	994
1953.873114	12.603355	995
1954.897305	13.747348	996
1955.900384	12.836048	997
1956.925637	13.988991	998
1957.928548	12.767568	999
1958.953561	13.441303	1000
1959.955819	12.485300	1001
1960.974946	11.112929	1002
1961.982366	11.389654	1003
1962.988796	10.166475	1004
1964.014729	10.313264	1005
1965.005780	11.744077	1006
1966.045802	10.635759	1007
1967.033002	12.665937	1008
1968.070939	11.612327	1009
1969.062114	12.852478	1010
1970.094389	12.076214	1011
1971.094630	11.966602	1012
1972.114330	11.711111	1013
1973.131446	11.090539	1014
1974.135351	11.464990	1015
1975.164871	11.739830	1016
1976.160729	11.732795	1017
1977.192518	12.377834	1018
1978.188712	12.493711	1019
1979.212887	12.451799	1020
1980.217903	12.702963	1021
1981.234975	12.219813	1022
1982.247331	12.590966	1023
1983.255354	12.317370	1024
1984.278897	12.478189	1025
1985.277966	12.852708	1026
1986.308169	12.731088	1027
1987.303776	13.373991	1028
1988.334788	13.417728	1029
1989.330885	13.695156	1030
1990.362047	14.069667	1031
1991.358538	14.190083	1032
1992.388711	14.488713	1033
1993.383859	14.169875	1034
1994.415692	14.505714	1035
1995.410358	13.841881	1036
1996.439422	13.940857	1037
1997.438624	13.289054	1038
1998.459059	13.406873	1039
1999.467517	13.001800	1040
2000.481277	13.002675	1041
2001.498026	12.642834	1042
2002.499923	12.267546	1043
2003.528358	12.250137	1044
2004.523278	12.215581	1045
2005.555727	12.346926	1046
2006.549327	12.146482	1047
2007.579223	12.694117	1048
2008.577511	12.162484	1049
2009.598558	13.112863	1050
2010.610942	12.384425	1051
2011.618850	13.274182	1052
2012.643280	12.575967	1053
2013.640017	13.095340	1054
2014.672320	12.813984	1055
2015.662162	12.578794	1056
2016.699690	13.108694	1057
2017.688120	12.362230	1058
2018.725375	13.002552	1059
2019.715373	12.364159	1060
2020.746944	12.669729	1061
2021.744698	12.323003	1062
2022.767540	12.589321	1063
2023.773384	12.438254	1064
2024.789854	12.417270	1065
2025.801196	12.175415	1066
2026.811821	12.198793	1067
2027.828703	12.253525	1068
2028.837156	12.278251	1069
2029.854277	12.242599	1070
2030.861617	12.075104	1071
2031.881093	12.124120	1072
2032.886597	12.102868	1073
2033.904417	12.127864	1074
2034.915604	12.184217	1075
2035.928551	12.203437	1076
2036.944457	12.277898	1077
2037.949889	12.142597	1078
2038.973637	12.217600	1079
2039.971469	12.074416	1080
2041.003264	12.297549	1081
2041.995216	12.087548	1082
2043.030377	12.453619	1083
2044.017914	12.013271	1084
2045.055281	12.361657	1085
2046.044342	12.105967	1086
2047.080376	12.242463	1087
2048.072269	12.227584	1088
2049.102748	12.274811	1089
2050.102423	12.236800	1090
2051.121154	11.928763	1091
2052.133708	12.143695	1092
2053.140133	11.902770	1093
2054.163175	12.144121	1094
2055.163916	11.772314	1095
2056.192830	12.238119	1096
2057.186609	11.512743	1097
2058.220358	12.034230	1098
2059.211907	11.658078	1099
2060.245303	11.956530	1100
2061.239000	11.672111	1101
2062.268352	11.855659	1102
2063.267722	11.567187	1103
2064.291068	11.718505	1104
2065.295576	11.690554	1105
2066.313765	11.678069	1106
2067.322338	11.728570	1107
2068.337931	11.652133	1108
2069.349148	11.796725	1109
2070.362415	11.358456	1110
2071.374745	11.587801	1111
2072.387503	11.290602	1112
2073.402081	11.729912	1113
2074.414198	11.542589	1114
2075.424377	11.695265	1115
2076.441437	11.441181	1116
2077.446886	11.395974	1117
2078.467934	11.375663	1118
2079.470392	11.488166	1119
2080.496393	11.400916	1120
2081.494648	11.297133	1121
2082.524656	11.662375	1122
2083.518102	11.213197	1123
2084.551908	11.674692	1124
2085.542375	11.337599	1125
2086.575473	11.578603	1126
2087.569511	11.268894	1127
2088.599177	11.830322	1128
2089.597279	11.094652	1129
2090.621847	11.687519	1130
2091.625834	11.089345	1131
2092.642708	11.734353	1132
2093.656044	11.284790	1133
