crossing time (s)	slope (V/s)	crossing number
6268.405142	3.351411	5216
6269.417646	3.888711	5217
6270.452239	4.329757	5218
6271.430881	3.974873	5219
6272.471528	4.349481	5220
6273.478931	3.554837	5221
6274.483898	3.272241	5222
6275.524287	3.481853	5223
6276.496339	3.742272	5224
6277.553624	2.832746	5225
6278.520638	3.630044	5226
6279.578925	4.031082	5227
6280.553540	4.613307	5228
6281.603677	3.546376	5229
6282.581325	4.611516	5230
6283.634668	4.071033	5231
6284.608878	4.705752	5232
6285.665856	3.889735	5233
6286.636643	5.117439	5234
6287.691042	3.904691	5235
6288.676472	5.130009	5236
6289.696824	4.494310	5237
6290.719560	4.144453	5238
6291.714501	4.450455	5239
6292.751168	5.226131	5240
6293.749371	5.455338	5241
6294.758758	5.379423	5242
6295.800109	4.686664	5243
6296.775691	5.391029	5244
6297.819174	4.779119	5245
6298.825220	4.627074	5246
6299.824636	5.542668	5247
6300.859609	6.446096	5248
6301.861179	6.586379	5249
6302.865667	6.130014	5250
6303.908461	5.294718	5251
6304.888722	5.846335	5252
6305.926376	5.469810	5253
6306.936997	5.578043	5254
6307.936521	6.243465	5255
6308.971805	7.269918	5256
6309.969162	7.272338	5257
6310.984863	6.390864	5258
6312.009728	5.709572	5259
6312.998597	5.962730	5260
6314.045079	6.377857	5261
6315.026625	6.566379	5262
6316.067851	7.302837	5263
6317.062025	7.257618	5264
6318.085606	6.634868	5265
6319.097031	6.159261	5266
6320.106869	6.804745	5267
6321.128478	7.283334	5268
6322.131660	7.791984	5269
6323.155380	7.127781	5270
6324.159558	7.275628	5271
6325.181893	7.826086	5272
6326.188544	7.962701	5273
6327.201888	7.641135	5274
6328.223277	6.752321	5275
6329.224379	7.302265	5276
6330.260138	7.960112	5277
6331.245678	7.846378	5278
6332.287775	8.937784	5279
6333.275349	8.959528	5280
6334.308328	8.367204	5281
6335.309294	8.474723	5282
6336.322015	7.859297	5283
6337.349572	7.918757	5284
6338.343191	8.077780	5285
6339.374915	8.701734	5286
6340.378930	8.694446	5287
6341.386238	8.917778	5288
6342.421424	8.602893	5289
6343.408447	9.249165	5290
6344.444292	9.008457	5291
6345.442773	9.135109	5292
6346.455701	9.331557	5293
6347.482498	8.898583	5294
6348.476741	9.272750	5295
6349.509788	9.639493	5296
6350.509569	9.562461	5297
6351.524954	9.304381	5298
6352.547241	9.064510	5299
6353.541035	9.395255	5300
6354.581428	9.614953	5301
6355.568575	9.717343	5302
6356.608232	9.963961	5303
6357.596111	10.129341	5304
6358.630112	10.231436	5305
6359.625044	10.659163	5306
6360.651207	10.128290	5307
6361.653002	10.280300	5308
6362.678982	10.287919	5309
6363.679908	10.337922	5310
6364.705659	10.418248	5311
6365.704531	10.501591	5312
6366.734528	10.256041	5313
6367.728137	10.540984	5314
6368.763039	10.469907	5315
6369.752124	10.929003	5316
6370.791693	10.412781	5317
6371.777659	11.034277	5318
6372.815770	10.735535	5319
6373.810834	10.795759	5320
6374.822955	11.312499	5321
6375.847948	10.305854	5322
6376.852528	10.797800	5323
6377.883889	11.105528	5324
6378.875896	11.208610	5325
6379.906283	11.532369	5326
6380.909405	11.340109	5327
6381.920874	11.396089	5328
6382.945000	10.874547	5329
6383.934523	10.835645	5330
6384.974722	10.590541	5331
6385.962142	10.311634	5332
6386.996375	10.805503	5333
6387.998362	10.599721	5334
6389.010882	11.175202	5335
6390.032049	11.052814	5336
6391.027350	11.004907	5337
6392.059215	10.998695	5338
6393.054432	10.934443	5339
6394.085296	11.378167	5340
6395.080484	10.642428	5341
6396.106297	11.231991	5342
6397.112096	10.411740	5343
6398.128640	11.161935	5344
6399.142257	10.591799	5345
6400.150788	11.352662	5346
6401.169059	10.715269	5347
6402.176868	10.969619	5348
6403.194632	10.599219	5349
6404.203325	10.933041	5350
6405.215538	10.813729	5351
6406.230963	10.934119	5352
6407.239155	10.479767	5353
6408.262610	11.044862	5354
6409.260620	10.430102	5355
6410.289964	10.910225	5356
6411.284835	10.621124	5357
6412.317461	10.947742	5358
6413.311237	10.426240	5359
6414.338537	10.714878	5360
6415.342161	10.271597	5361
6416.353972	10.397290	5362
6417.376227	10.209800	5363
6418.371176	10.442555	5364
6419.409169	10.553129	5365
6420.395433	10.334620	5366
6421.433173	10.773932	5367
6422.424153	10.700619	5368
6423.450820	10.500984	5369
6424.458077	10.713251	5370
6425.467442	10.370552	5371
6426.494730	10.697084	5372
6427.487187	10.012377	5373
6428.521035	10.526545	5374
6429.512887	10.235215	5375
6430.543046	10.345291	5376
6431.542880	10.325927	5377
6432.563891	10.390370	5378
6433.574867	10.283863	5379
6434.583470	10.017879	5380
6435.603616	10.028790	5381
6436.605551	10.077439	5382
6437.632653	10.294695	5383
6438.628637	10.081164	5384
6439.659971	10.367047	5385
6440.653086	9.826617	5386
6441.684363	10.231968	5387
6442.677520	10.137395	5388
6443.710727	10.356026	5389
6444.706096	9.977971	5390
6445.732171	10.294619	5391
6446.734637	9.775463	5392
6447.754200	10.100978	5393
6448.765195	9.797465	5394
6449.772496	10.116120	5395
6450.795156	10.064870	5396
6451.793144	9.810986	5397
6452.826626	10.208001	5398
6453.815416	9.798609	5399
6454.850562	10.155351	5400
6455.843437	9.855408	5401
6456.872122	10.550894	5402
6457.876520	9.897366	5403
6458.889105	10.489566	5404
6459.910389	9.875493	5405
6460.907740	10.250501	5406
6461.940849	10.089932	5407
6462.929445	10.058302	5408
6463.969306	10.241544	5409
6464.954450	9.447219	5410
6465.991214	10.009387	5411
6466.986841	9.563026	5412
6468.009171	9.857646	5413
6469.019589	9.767909	5414
6470.027850	9.860374	5415
6471.042152	10.207203	5416
6472.048431	9.833132	5417
6473.078401	9.721547	5418
6474.071716	9.686478	5419
6475.104905	9.799497	5420
6476.096651	9.572592	5421
6477.131206	9.982913	5422
6478.122134	9.432631	5423
6479.156823	9.861133	5424
6480.145881	9.436163	5425
6481.181582	9.872820	5426
6482.172517	9.599451	5427
6483.206120	9.995577	5428
6484.200589	9.301854	5429
6485.231272	9.676159	5430
6486.226960	9.347556	5431
6487.252553	9.575745	5432
6488.257660	9.511433	5433
6489.271800	9.663363	5434
6490.289528	9.588242	5435
6491.290637	9.290091	5436
6492.320884	9.488219	5437
6493.310589	9.456492	5438
6494.351022	9.495636	5439
6495.334102	9.620122	5440
6496.374859	9.633361	5441
6497.362663	9.481276	5442
6498.397087	9.576067	5443
6499.393736	9.730176	5444
6500.415048	9.400334	5445
6501.425815	9.790850	5446
6502.433741	9.419656	5447
6503.456545	9.780862	5448
6504.455248	9.085095	5449
6505.486967	9.646034	5450
6506.478345	9.085786	5451
6507.512963	9.560207	5452
6508.503850	9.151629	5453
6509.536987	9.489121	5454
6510.529301	9.098379	5455
6511.560560	9.322254	5456
6512.557428	9.154484	5457
6513.583990	9.207882	5458
6514.584072	9.146588	5459
6515.608897	9.395423	5460
6516.611225	9.047674	5461
6517.633485	9.198016	5462
6518.637977	9.215090	5463
6519.658673	9.142199	5464
6520.662441	9.288758	5465
6521.686118	9.283222	5466
6522.686309	9.032661	5467
6523.712414	9.154493	5468
6524.708156	8.986692	5469
6525.739502	9.199877	5470
6526.733473	9.000598	5471
6527.766351	9.355775	5472
6528.757638	8.871199	5473
6529.791092	9.427531	5474
6530.784097	8.726516	5475
6531.815569	9.265608	5476
6532.811480	8.855344	5477
6533.837171	9.551943	5478
6534.840914	8.851412	5479
6535.857947	9.539698	5480
6536.871800	8.888936	5481
6537.876826	9.397436	5482
6538.902800	8.791960	5483
6539.896702	9.221589	5484
6540.934906	8.953726	5485
6541.919712	8.941905	5486
6542.960342	9.064316	5487
6543.943951	8.868570	5488
6544.985247	8.982205	5489
6545.973051	8.816100	5490
6547.007554	9.187523	5491
6548.002907	8.633798	5492
6548.935642	8.754272	5493
6549.930355	5.619658	5494
6550.921889	5.498790	5495
6551.935783	6.175088	5496
6552.964988	7.022922	5497
6553.985382	5.733251	5498
6554.929648	5.437985	5499
